100 0.002876
200 0.000415
300 0.000520
400 0.000933
500 0.000712
600 0.000342
700 0.000313
800 0.000686
900 0.000621
1000 0.000398
1100 0.000327
1200 0.000274
1300 0.000609
1400 0.000813
1500 0.000511
1600 0.000582
1700 0.000470
1800 0.000498
1900 0.000560
2000 0.001052
2100 0.000888
2200 0.000691
2300 0.000551
2400 0.000370
2500 0.000234
2600 0.001069
2700 0.001103
2800 0.000458
2900 0.001119
3000 0.002890
3100 0.000726
3200 0.001215
3300 0.000541
3400 0.000697
3500 0.000212
3600 0.000653
3700 0.001164
3800 0.001249
3900 0.000914
4000 0.001140
4100 0.000383
4200 0.001675
4300 0.000655
4400 0.003726
4500 0.001165
4600 0.000540
4700 0.001917
4800 0.001282
4900 0.000517
5000 0.000522
5100 0.000526
5200 0.000512
5300 0.000752
5400 0.000650
5500 0.001073
5600 0.000555
5700 0.001805
5800 0.000411
5900 0.001066
6000 0.000503
6100 0.001997
6200 0.000573
6300 0.000392
6400 0.000245
6500 0.000283
6600 0.000582
6700 0.000842
6800 0.000493
6900 0.000601
7000 0.000591
7100 0.000379
7200 0.000629
7300 0.000336
7400 0.000167
7500 0.000624
7600 0.001079
7700 0.001211
7800 0.001165
7900 0.000680
8000 0.000863
8100 0.000750
8200 0.000571
8300 0.000512
8400 0.001894
8500 0.005570
8600 0.003847
8700 0.004159
8800 0.000617
8900 0.003081
9000 0.000493
9100 0.001415
9200 0.001198
9300 0.000442
9400 0.000507
9500 0.000517
9600 0.000745
9700 0.000352
9800 0.001061
9900 0.000686
10000 0.000485
10100 0.000886
10200 0.001129
10300 0.000363
10400 0.001824
10500 0.001165
10600 0.002430
10700 0.000626
10800 0.000705
10900 0.000585
11000 0.000434
11100 0.000794
11200 0.000405
11300 0.000803
11400 0.000468
11500 0.000461
11600 0.000320
11700 0.000812
11800 0.000412
11900 0.000415
12000 0.000689
12100 0.001208
12200 0.000175
12300 0.000685
12400 0.000550
12500 0.000990
12600 0.000189
12700 0.000750
12800 0.001110
12900 0.000547
13000 0.000548
13100 0.000516
13200 0.000722
13300 0.000151
13400 0.000241
13500 0.000448
13600 0.000208
13700 0.000615
13800 0.000847
13900 0.000619
14000 0.000480
14100 0.000814
14200 0.000323
14300 0.000641
14400 0.000293
14500 0.000534
14600 0.001025
14700 0.000258
14800 0.000275
14900 0.000827
15000 0.000399
15100 0.001033
15200 0.000346
15300 0.000586
15400 0.000771
15500 0.000293
15600 0.000176
15700 0.001130
15800 0.000498
15900 0.001390
16000 0.000351
16100 0.000421
16200 0.000742
16300 0.000899
16400 0.000262
16500 0.000274
16600 0.000760
16700 0.000126
16800 0.000910
16900 0.000507
17000 0.000569
17100 0.000396
17200 0.000508
17300 0.000316
17400 0.000466
17500 0.000568
17600 0.001986
17700 0.000997
17800 0.000695
17900 0.001660
18000 0.000603
18100 0.000448
18200 0.000449
18300 0.000218
18400 0.000250
18500 0.000607
18600 0.000908
18700 0.000335
18800 0.000609
18900 0.000366
19000 0.000397
19100 0.000458
19200 0.000372
19300 0.001361
19400 0.000247
19500 0.000326
19600 0.000610
19700 0.000460
19800 0.001062
19900 0.000560
20000 0.000658
20100 0.000641
20200 0.000398
20300 0.000536
20400 0.000382
20500 0.000961
20600 0.000334
20700 0.000550
20800 0.000476
20900 0.000431
21000 0.000280
21100 0.000445
21200 0.000263
21300 0.000805
21400 0.000404
21500 0.000232
21600 0.000692
21700 0.000499
21800 0.001039
21900 0.000676
22000 0.001112
22100 0.000694
22200 0.001210
22300 0.000239
22400 0.000306
22500 0.000279
22600 0.000610
22700 0.000530
22800 0.000507
22900 0.000449
23000 0.000293
23100 0.000404
23200 0.000568
23300 0.000302
23400 0.001878
23500 0.000414
23600 0.000204
23700 0.000920
23800 0.000515
23900 0.001094
24000 0.000844
24100 0.000372
24200 0.000317
24300 0.000595
24400 0.000474
24500 0.000495
24600 0.000487
24700 0.000875
24800 0.001477
24900 0.000699
25000 0.000347
25100 0.000429
25200 0.000183
25300 0.001070
25400 0.000411
25500 0.000628
25600 0.000499
25700 0.000543
25800 0.001008
25900 0.000275
26000 0.000512
26100 0.000399
26200 0.000601
26300 0.000555
26400 0.000595
26500 0.000298
26600 0.000565
26700 0.000368
26800 0.000367
26900 0.000768
27000 0.000151
27100 0.000635
27200 0.000791
27300 0.000516
27400 0.000537
27500 0.000715
27600 0.000250
27700 0.000430
27800 0.000550
27900 0.001100
28000 0.002280
28100 0.000743
28200 0.000335
28300 0.000584
28400 0.000327
28500 0.000365
28600 0.001060
28700 0.000165
28800 0.000739
28900 0.000362
29000 0.000812
29100 0.000391
29200 0.000320
29300 0.000318
29400 0.000164
29500 0.000793
29600 0.000305
29700 0.000459
29800 0.000285
29900 0.001035
30000 0.000717
30100 0.000572
30200 0.000366
30300 0.000200
30400 0.001617
30500 0.000238
30600 0.000273
30700 0.000238
30800 0.000362
30900 0.000378
31000 0.000827
31100 0.000293
31200 0.000596
31300 0.000744
31400 0.000682
31500 0.000275
31600 0.000541
31700 0.000684
31800 0.000400
31900 0.000405
32000 0.000379
32100 0.001181
32200 0.000814
32300 0.000328
32400 0.000806
32500 0.000468
32600 0.000299
32700 0.001011
32800 0.000186
32900 0.000845
33000 0.000352
33100 0.000963
33200 0.000397
33300 0.000249
33400 0.000350
33500 0.000341
33600 0.000206
33700 0.000196
33800 0.000765
33900 0.000207
34000 0.000247
34100 0.000189
34200 0.000898
34300 0.000260
34400 0.000408
34500 0.000501
34600 0.000461
34700 0.000609
34800 0.000411
34900 0.000796
35000 0.000530
35100 0.000828
35200 0.000351
35300 0.000410
35400 0.000573
35500 0.000289
35600 0.000604
35700 0.000311
35800 0.001164
35900 0.000382
36000 0.000622
36100 0.001011
36200 0.000471
36300 0.000319
36400 0.001296
36500 0.001213
36600 0.000462
36700 0.000884
36800 0.000831
36900 0.000665
37000 0.000711
37100 0.000085
37200 0.000285
37300 0.000169
37400 0.000668
37500 0.000311
37600 0.000340
37700 0.000630
37800 0.000480
37900 0.001043
38000 0.000480
38100 0.000734
38200 0.000665
38300 0.000378
38400 0.000732
38500 0.000874
38600 0.002030
38700 0.001161
38800 0.000720
38900 0.000252
39000 0.000465
39100 0.000979
39200 0.000916
39300 0.000735
39400 0.000212
39500 0.000799
39600 0.000934
39700 0.001378
39800 0.000640
39900 0.000340
